{"C":[{"has_switch":true,"num_phases":3,"rmatrix":[[1.0e-6,0.0,0.0],[0.0,1.0e-6,0.0],[0.0,0.0,1.0e-6]],"xmatrix":[[0.0,0.0,0.0],[0.0,0.0,0.0],[0.0,0.0,0.0]],"node2_id":"152","id":"sw2","has_phase":[true,true,true],"node1_id":"13","capacity":0.24981502032243422},{"has_switch":true,"num_phases":3,"rmatrix":[[1.0e-6,0.0,0.0],[0.0,1.0e-6,0.0],[0.0,0.0,1.0e-6]],"xmatrix":[[0.0,0.0,0.0],[0.0,0.0,0.0],[0.0,0.0,0.0]],"node2_id":"135","id":"sw3","has_phase":[true,true,true],"node1_id":"18","capacity":0.24981502032243422},{"has_switch":true,"num_phases":3,"rmatrix":[[1.0e-6,0.0,0.0],[0.0,1.0e-6,0.0],[0.0,0.0,1.0e-6]],"xmatrix":[[0.0,0.0,0.0],[0.0,0.0,0.0],[0.0,0.0,0.0]],"node2_id":"160","id":"sw4","has_phase":[true,true,true],"node1_id":"60","capacity":0.24981502032243422},{"has_switch":true,"num_phases":3,"rmatrix":[[1.0e-6,0.0,0.0],[0.0,1.0e-6,0.0],[0.0,0.0,1.0e-6]],"xmatrix":[[0.0,0.0,0.0],[0.0,0.0,0.0],[0.0,0.0,0.0]],"node2_id":"197","id":"sw5","has_phase":[true,true,true],"node1_id":"97","capacity":0.24981502032243422},{"has_switch":true,"num_phases":3,"rmatrix":[[1.0e-6,0.0,0.0],[0.0,1.0e-6,0.0],[0.0,0.0,1.0e-6]],"xmatrix":[[0.0,0.0,0.0],[0.0,0.0,0.0],[0.0,0.0,0.0]],"node2_id":"300","id":"sw7","has_phase":[true,true,true],"node1_id":"151","capacity":0.24981502032243422},{"has_switch":true,"num_phases":1,"rmatrix":[[1.0e-6,0.0,0.0],[0.0,0.0,0.0],[0.0,0.0,0.0]],"xmatrix":[[0.0,0.0,0.0],[0.0,0.0,0.0],[0.0,0.0,0.0]],"node2_id":"94","id":"sw8","has_phase":[true,false,false],"node1_id":"54","capacity":0.24981502032243422}],"networks":[{"scenarios":[{"scen":[0.82],"probability":0.041666666666666664,"id":"train_sample_15","is_ref":true},{"scen":[0.46],"probability":0.041666666666666664,"id":"train_sample_17","is_ref":true},{"scen":[0.95],"probability":0.041666666666666664,"id":"train_sample_8","is_ref":true},{"scen":[0.42],"probability":0.041666666666666664,"id":"train_sample_25","is_ref":true},{"scen":[0.89],"probability":0.041666666666666664,"id":"train_sample_5","is_ref":true},{"scen":[0.47],"probability":0.041666666666666664,"id":"train_sample_2","is_ref":true},{"scen":[0.72],"probability":0.041666666666666664,"id":"train_sample_13","is_ref":true},{"scen":[0.54],"probability":0.041666666666666664,"id":"train_sample_23","is_ref":true},{"scen":[0.95],"probability":0.041666666666666664,"id":"train_sample_21","is_ref":true},{"scen":[0.6],"probability":0.041666666666666664,"id":"train_sample_6","is_ref":true},{"scen":[0.71],"probability":0.041666666666666664,"id":"train_sample_16","is_ref":true},{"scen":[0.9],"probability":0.041666666666666664,"id":"train_sample_7","is_ref":true},{"scen":[0.75],"probability":0.041666666666666664,"id":"train_sample_14","is_ref":true},{"scen":[0.8],"probability":0.041666666666666664,"id":"train_sample_1","is_ref":true},{"scen":[0.91],"probability":0.041666666666666664,"id":"train_sample_18","is_ref":true},{"scen":[0.77],"probability":0.041666666666666664,"id":"train_sample_11","is_ref":true},{"scen":[0.7],"probability":0.041666666666666664,"id":"train_sample_26","is_ref":true},{"scen":[0.83],"probability":0.041666666666666664,"id":"train_sample_28","is_ref":true},{"scen":[0.76],"probability":0.041666666666666664,"id":"train_sample_30","is_ref":true},{"scen":[0.51],"probability":0.041666666666666664,"id":"train_sample_29","is_ref":true},{"scen":[0.93],"probability":0.041666666666666664,"id":"train_sample_4","is_ref":true},{"scen":[0.15],"probability":0.041666666666666664,"id":"train_sample_20","is_ref":true},{"scen":[0.86],"probability":0.041666666666666664,"id":"train_sample_10","is_ref":true},{"scen":[0.76],"probability":0.041666666666666664,"id":"train_sample_24","is_ref":true}],"generators":[{"alpha":0,"id":"source-sourcebus","is_dispatchable":true,"has_phase":[true,true,true],"node_id":"sourcebus","max_real_phase":[1.0e99,1.0e99,1.0e99],"max_reactive_phase":[1.0e99,1.0e99,1.0e99]},{"alpha":0.03,"id":"g250","is_dispatchable":false,"has_phase":[true,true,true],"node_id":"250","max_real_phase":[0.05,0.05,0.05],"max_reactive_phase":[0.05,0.05,0.05]}],"buses":[{"min_voltage":0.8,"id":"13","max_voltage":1.2},{"min_voltage":0.8,"id":"8","max_voltage":1.2},{"min_voltage":0.8,"id":"7","max_voltage":1.2},{"min_voltage":0.8,"id":"1","max_voltage":1.2},{"min_voltage":0.8,"id":"149","max_voltage":1.2},{"min_voltage":0.8,"id":"sourcebus","max_voltage":1.2},{"min_voltage":0.8,"id":"2","max_voltage":1.2},{"min_voltage":0.8,"id":"3","max_voltage":1.2},{"min_voltage":0.8,"id":"4","max_voltage":1.2},{"min_voltage":0.8,"id":"5","max_voltage":1.2},{"min_voltage":0.8,"id":"6","max_voltage":1.2},{"min_voltage":0.8,"id":"12","max_voltage":1.2},{"min_voltage":0.8,"id":"9","max_voltage":1.2},{"min_voltage":0.8,"id":"14","max_voltage":1.2},{"min_voltage":0.8,"id":"11","max_voltage":1.2},{"min_voltage":0.8,"id":"10","max_voltage":1.2},{"min_voltage":0.8,"id":"34","max_voltage":1.2},{"min_voltage":0.8,"id":"15","max_voltage":1.2},{"min_voltage":0.8,"id":"16","max_voltage":1.2},{"min_voltage":0.8,"id":"17","max_voltage":1.2},{"min_voltage":0.8,"id":"18","max_voltage":1.2},{"min_voltage":0.8,"id":"19","max_voltage":1.2},{"min_voltage":0.8,"id":"20","max_voltage":1.2},{"min_voltage":0.8,"id":"21","max_voltage":1.2},{"min_voltage":0.8,"id":"22","max_voltage":1.2},{"min_voltage":0.8,"id":"23","max_voltage":1.2},{"min_voltage":0.8,"id":"24","max_voltage":1.2},{"min_voltage":0.8,"id":"25","max_voltage":1.2},{"min_voltage":0.8,"id":"26","max_voltage":1.2},{"min_voltage":0.8,"id":"27","max_voltage":1.2},{"min_voltage":0.8,"id":"33","max_voltage":1.2},{"min_voltage":0.8,"id":"31","max_voltage":1.2},{"min_voltage":0.8,"id":"32","max_voltage":1.2},{"min_voltage":0.8,"id":"28","max_voltage":1.2},{"min_voltage":0.8,"id":"29","max_voltage":1.2},{"min_voltage":0.8,"id":"30","max_voltage":1.2},{"min_voltage":0.8,"id":"250","max_voltage":1.2}],"lines":[{"has_switch":false,"num_phases":3,"rmatrix":[[0.0260000001,0.0088636365,0.008721590999999999],[0.0088636365,0.0265113636,0.008977272599999999],[0.008721590999999999,0.008977272599999999,0.0262215909]],"xmatrix":[[0.06125000009999999,0.028505681699999997,0.021869318099999997],[0.028505681699999997,0.0595568181,0.0240681819],[0.021869318099999997,0.0240681819,0.0605170455]],"node2_id":"13","id":"l10","has_phase":[true,true,true],"node1_id":"8","capacity":0.24981502032243422},{"has_switch":false,"num_phases":3,"rmatrix":[[0.0173333334,0.005909091000000001,0.0058143940000000005],[0.005909091000000001,0.0176742424,0.0059848484],[0.0058143940000000005,0.0059848484,0.0174810606]],"xmatrix":[[0.040833333400000005,0.0190037878,0.0145795454],[0.0190037878,0.039704545400000006,0.0160454546],[0.0145795454,0.0160454546,0.040344697000000006]],"node2_id":"8","id":"l7","has_phase":[true,true,true],"node1_id":"7","capacity":0.24981502032243422},{"has_switch":false,"num_phases":3,"rmatrix":[[0.0260000001,0.0088636365,0.008721590999999999],[0.0088636365,0.0265113636,0.008977272599999999],[0.008721590999999999,0.008977272599999999,0.0262215909]],"xmatrix":[[0.06125000009999999,0.028505681699999997,0.021869318099999997],[0.028505681699999997,0.0595568181,0.0240681819],[0.021869318099999997,0.0240681819,0.0605170455]],"node2_id":"7","id":"l3","has_phase":[true,true,true],"node1_id":"1","capacity":0.24981502032243422},{"has_switch":false,"num_phases":3,"rmatrix":[[0.0346666668,0.011818182000000002,0.011628788000000001],[0.011818182000000002,0.0353484848,0.0119696968],[0.011628788000000001,0.0119696968,0.0349621212]],"xmatrix":[[0.08166666680000001,0.0380075756,0.0291590908],[0.0380075756,0.07940909080000001,0.0320909092],[0.0291590908,0.0320909092,0.08068939400000001]],"node2_id":"1","id":"l115","has_phase":[true,true,true],"node1_id":"149","capacity":0.24981502032243422},{"has_switch":true,"num_phases":3,"rmatrix":[[1.0e-6,0.0,0.0],[0.0,1.0e-6,0.0],[0.0,0.0,1.0e-6]],"xmatrix":[[0.0,0.0,0.0],[0.0,0.0,0.0],[0.0,0.0,0.0]],"node2_id":"149","id":"sw1","has_phase":[true,true,true],"node1_id":"sourcebus","capacity":0.24981502032243422},{"has_switch":false,"num_phases":1,"rmatrix":[[0.0,0.0,0.0],[0.0,0.0440549242,0.0],[0.0,0.0,0.0]],"xmatrix":[[0.0,0.0,0.0],[0.0,0.044661458274999996,0.0],[0.0,0.0,0.0]],"node2_id":"2","id":"l1","has_phase":[false,true,false],"node1_id":"1","capacity":0.24981502032243422},{"has_switch":false,"num_phases":1,"rmatrix":[[0.0,0.0,0.0],[0.0,0.0,0.0],[0.0,0.0,0.062935606]],"xmatrix":[[0.0,0.0,0.0],[0.0,0.0,0.0],[0.0,0.0,0.06380208325]],"node2_id":"3","id":"l2","has_phase":[false,false,true],"node1_id":"1","capacity":0.24981502032243422},{"has_switch":false,"num_phases":1,"rmatrix":[[0.0,0.0,0.0],[0.0,0.0,0.0],[0.0,0.0,0.05034848480000001]],"xmatrix":[[0.0,0.0,0.0],[0.0,0.0,0.0],[0.0,0.0,0.05104166660000001]],"node2_id":"4","id":"l4","has_phase":[false,false,true],"node1_id":"3","capacity":0.24981502032243422},{"has_switch":false,"num_phases":1,"rmatrix":[[0.0,0.0,0.0],[0.0,0.0,0.0],[0.0,0.0,0.08181628780000001]],"xmatrix":[[0.0,0.0,0.0],[0.0,0.0,0.0],[0.0,0.0,0.08294270822500001]],"node2_id":"5","id":"l5","has_phase":[false,false,true],"node1_id":"3","capacity":0.24981502032243422},{"has_switch":false,"num_phases":1,"rmatrix":[[0.0,0.0,0.0],[0.0,0.0,0.0],[0.0,0.0,0.062935606]],"xmatrix":[[0.0,0.0,0.0],[0.0,0.0,0.0],[0.0,0.0,0.06380208325]],"node2_id":"6","id":"l6","has_phase":[false,false,true],"node1_id":"5","capacity":0.24981502032243422},{"has_switch":false,"num_phases":1,"rmatrix":[[0.0,0.0,0.0],[0.0,0.05664204540000001,0.0],[0.0,0.0,0.0]],"xmatrix":[[0.0,0.0,0.0],[0.0,0.057421874925000005,0.0],[0.0,0.0,0.0]],"node2_id":"12","id":"l8","has_phase":[false,true,false],"node1_id":"8","capacity":0.24981502032243422},{"has_switch":false,"num_phases":1,"rmatrix":[[0.05664204540000001,0.0,0.0],[0.0,0.0,0.0],[0.0,0.0,0.0]],"xmatrix":[[0.057421874925000005,0.0,0.0],[0.0,0.0,0.0],[0.0,0.0,0.0]],"node2_id":"9","id":"l9","has_phase":[true,false,false],"node1_id":"8","capacity":0.24981502032243422},{"has_switch":false,"num_phases":1,"rmatrix":[[0.1069905302,0.0,0.0],[0.0,0.0,0.0],[0.0,0.0,0.0]],"xmatrix":[[0.108463541525,0.0,0.0],[0.0,0.0,0.0],[0.0,0.0,0.0]],"node2_id":"14","id":"l11","has_phase":[true,false,false],"node1_id":"9","capacity":0.24981502032243422},{"has_switch":false,"num_phases":1,"rmatrix":[[0.062935606,0.0,0.0],[0.0,0.0,0.0],[0.0,0.0,0.0]],"xmatrix":[[0.06380208325,0.0,0.0],[0.0,0.0,0.0],[0.0,0.0,0.0]],"node2_id":"11","id":"l14","has_phase":[true,false,false],"node1_id":"14","capacity":0.24981502032243422},{"has_switch":false,"num_phases":1,"rmatrix":[[0.062935606,0.0,0.0],[0.0,0.0,0.0],[0.0,0.0,0.0]],"xmatrix":[[0.06380208325,0.0,0.0],[0.0,0.0,0.0],[0.0,0.0,0.0]],"node2_id":"10","id":"l15","has_phase":[true,false,false],"node1_id":"14","capacity":0.24981502032243422},{"has_switch":false,"num_phases":1,"rmatrix":[[0.0,0.0,0.0],[0.0,0.0,0.0],[0.0,0.0,0.0377613636]],"xmatrix":[[0.0,0.0,0.0],[0.0,0.0,0.0],[0.0,0.0,0.03828124995]],"node2_id":"34","id":"l12","has_phase":[false,false,true],"node1_id":"13","capacity":0.24981502032243422},{"has_switch":false,"num_phases":1,"rmatrix":[[0.0,0.0,0.0],[0.0,0.0,0.0],[0.0,0.0,0.025174242400000005]],"xmatrix":[[0.0,0.0,0.0],[0.0,0.0,0.0],[0.0,0.0,0.025520833300000004]],"node2_id":"15","id":"l34","has_phase":[false,false,true],"node1_id":"34","capacity":0.24981502032243422},{"has_switch":false,"num_phases":1,"rmatrix":[[0.0,0.0,0.0],[0.0,0.0,0.0],[0.0,0.0,0.09440340900000001]],"xmatrix":[[0.0,0.0,0.0],[0.0,0.0,0.0],[0.0,0.0,0.095703124875]],"node2_id":"16","id":"l16","has_phase":[false,false,true],"node1_id":"15","capacity":0.24981502032243422},{"has_switch":false,"num_phases":1,"rmatrix":[[0.0,0.0,0.0],[0.0,0.0,0.0],[0.0,0.0,0.0881098484]],"xmatrix":[[0.0,0.0,0.0],[0.0,0.0,0.0],[0.0,0.0,0.08932291654999999]],"node2_id":"17","id":"l17","has_phase":[false,false,true],"node1_id":"15","capacity":0.24981502032243422},{"has_switch":false,"num_phases":3,"rmatrix":[[0.0729062499,0.024687498,0.024375000375],[0.024687498,0.072109374975,0.02398437525],[0.024375000375,0.02398437525,0.071500000275]],"xmatrix":[[0.163781249775,0.066187500225,0.07839062467499999],[0.066187500225,0.166421875125,0.06014062477499999],[0.07839062467499999,0.06014062477499999,0.16843750027499999]],"node2_id":"18","id":"l13","has_phase":[true,true,true],"node1_id":"13","capacity":0.24981502032243422},{"has_switch":false,"num_phases":1,"rmatrix":[[0.062935606,0.0,0.0],[0.0,0.0,0.0],[0.0,0.0,0.0]],"xmatrix":[[0.06380208325,0.0,0.0],[0.0,0.0,0.0],[0.0,0.0,0.0]],"node2_id":"19","id":"l18","has_phase":[true,false,false],"node1_id":"18","capacity":0.24981502032243422},{"has_switch":false,"num_phases":1,"rmatrix":[[0.08181628780000001,0.0,0.0],[0.0,0.0,0.0],[0.0,0.0,0.0]],"xmatrix":[[0.08294270822500001,0.0,0.0],[0.0,0.0,0.0],[0.0,0.0,0.0]],"node2_id":"20","id":"l20","has_phase":[true,false,false],"node1_id":"19","capacity":0.24981502032243422},{"has_switch":false,"num_phases":3,"rmatrix":[[0.0265113636,0.008977272,0.0088636365],[0.008977272,0.0262215909,0.008721590999999999],[0.0088636365,0.008721590999999999,0.0260000001]],"xmatrix":[[0.0595568181,0.0240681819,0.028505681699999997],[0.0240681819,0.0605170455,0.021869318099999997],[0.028505681699999997,0.021869318099999997,0.06125000009999999]],"node2_id":"21","id":"l19","has_phase":[true,true,true],"node1_id":"18","capacity":0.24981502032243422},{"has_switch":false,"num_phases":1,"rmatrix":[[0.0,0.0,0.0],[0.0,0.1321647726,0.0],[0.0,0.0,0.0]],"xmatrix":[[0.0,0.0,0.0],[0.0,0.133984374825,0.0],[0.0,0.0,0.0]],"node2_id":"22","id":"l21","has_phase":[false,true,false],"node1_id":"21","capacity":0.24981502032243422},{"has_switch":false,"num_phases":3,"rmatrix":[[0.022092803,0.00748106,0.00738636375],[0.00748106,0.02185132575,0.0072679925],[0.00738636375,0.0072679925,0.02166666675]],"xmatrix":[[0.04963068175,0.02005681825,0.02375473475],[0.02005681825,0.05043087125,0.01822443175],[0.02375473475,0.01822443175,0.05104166675]],"node2_id":"23","id":"l22","has_phase":[true,true,true],"node1_id":"21","capacity":0.24981502032243422},{"has_switch":false,"num_phases":1,"rmatrix":[[0.0,0.0,0.0],[0.0,0.0,0.0],[0.0,0.0,0.13845833320000003]],"xmatrix":[[0.0,0.0,0.0],[0.0,0.0,0.0],[0.0,0.0,0.14036458315000003]],"node2_id":"24","id":"l23","has_phase":[false,false,true],"node1_id":"23","capacity":0.24981502032243422},{"has_switch":false,"num_phases":3,"rmatrix":[[0.024302083300000003,0.008229166000000001,0.008125000125000002],[0.008229166000000001,0.024036458325000003,0.00799479175],[0.008125000125000002,0.00799479175,0.023833333425000002]],"xmatrix":[[0.054593749925000004,0.022062500075,0.026130208225],[0.022062500075,0.05547395837500001,0.020046874925],[0.026130208225,0.020046874925,0.05614583342500001]],"node2_id":"25","id":"l24","has_phase":[true,true,true],"node1_id":"23","capacity":0.24981502032243422},{"has_switch":false,"num_phases":2,"rmatrix":[[0.03033333345,0.0,0.0101751895],[0.0,0.0,0.0],[0.0101751895,0.0,0.030591856049999998]],"xmatrix":[[0.07145833345,0.0,0.025514204449999998],[0.0,0.0,0.0],[0.025514204449999998,0.0,0.07060321975]],"node2_id":"26","id":"l25","has_phase":[true,false,true],"node1_id":"25","capacity":0.24981502032243422},{"has_switch":false,"num_phases":2,"rmatrix":[[0.023833333425000002,0.0,0.00799479175],[0.0,0.0,0.0],[0.00799479175,0.0,0.024036458325000003]],"xmatrix":[[0.05614583342500001,0.0,0.020046874925],[0.0,0.0,0.0],[0.020046874925,0.0,0.05547395837500001]],"node2_id":"27","id":"l27","has_phase":[true,false,true],"node1_id":"26","capacity":0.24981502032243422},{"has_switch":false,"num_phases":1,"rmatrix":[[0.125871212,0.0,0.0],[0.0,0.0,0.0],[0.0,0.0,0.0]],"xmatrix":[[0.1276041665,0.0,0.0],[0.0,0.0,0.0],[0.0,0.0,0.0]],"node2_id":"33","id":"l29","has_phase":[true,false,false],"node1_id":"27","capacity":0.24981502032243422},{"has_switch":false,"num_phases":1,"rmatrix":[[0.0,0.0,0.0],[0.0,0.0,0.0],[0.0,0.0,0.05664204540000001]],"xmatrix":[[0.0,0.0,0.0],[0.0,0.0,0.0],[0.0,0.0,0.057421874925000005]],"node2_id":"31","id":"l28","has_phase":[false,false,true],"node1_id":"26","capacity":0.24981502032243422},{"has_switch":false,"num_phases":1,"rmatrix":[[0.0,0.0,0.0],[0.0,0.0,0.0],[0.0,0.0,0.0755227272]],"xmatrix":[[0.0,0.0,0.0],[0.0,0.0,0.0],[0.0,0.0,0.0765624999]],"node2_id":"32","id":"l33","has_phase":[false,false,true],"node1_id":"31","capacity":0.24981502032243422},{"has_switch":false,"num_phases":3,"rmatrix":[[0.0176742424,0.005984848000000001,0.005909091000000001],[0.005984848000000001,0.0174810606,0.0058143940000000005],[0.005909091000000001,0.0058143940000000005,0.0173333334]],"xmatrix":[[0.039704545400000006,0.0160454546,0.0190037878],[0.0160454546,0.040344697000000006,0.0145795454],[0.0190037878,0.0145795454,0.040833333400000005]],"node2_id":"28","id":"l26","has_phase":[true,true,true],"node1_id":"25","capacity":0.24981502032243422},{"has_switch":false,"num_phases":3,"rmatrix":[[0.0265113636,0.008977272,0.0088636365],[0.008977272,0.0262215909,0.008721590999999999],[0.0088636365,0.008721590999999999,0.0260000001]],"xmatrix":[[0.0595568181,0.0240681819,0.028505681699999997],[0.0240681819,0.0605170455,0.021869318099999997],[0.028505681699999997,0.021869318099999997,0.06125000009999999]],"node2_id":"29","id":"l30","has_phase":[true,true,true],"node1_id":"28","capacity":0.24981502032243422},{"has_switch":false,"num_phases":3,"rmatrix":[[0.0309299242,0.010473484,0.01034090925],[0.010473484,0.030591856049999998,0.0101751895],[0.01034090925,0.0101751895,0.03033333345]],"xmatrix":[[0.06948295445,0.028079545549999998,0.033256628649999995],[0.028079545549999998,0.07060321975,0.025514204449999998],[0.033256628649999995,0.025514204449999998,0.07145833345]],"node2_id":"30","id":"l31","has_phase":[true,true,true],"node1_id":"29","capacity":0.24981502032243422},{"has_switch":false,"num_phases":3,"rmatrix":[[0.0176742424,0.005984848000000001,0.005909091000000001],[0.005984848000000001,0.0174810606,0.0058143940000000005],[0.005909091000000001,0.0058143940000000005,0.0173333334]],"xmatrix":[[0.039704545400000006,0.0160454546,0.0190037878],[0.0160454546,0.040344697000000006,0.0145795454],[0.0190037878,0.0145795454,0.040833333400000005]],"node2_id":"250","id":"l32","has_phase":[true,true,true],"node1_id":"30","capacity":0.24981502032243422}],"loads":[{"id":"s1a","has_phase":[true,false,false],"node_id":"1","max_real_phase":[0.006934171597633136,0.0,0.0],"basekV":2.4,"max_reactive_phase":[0.003467085798816568,0.0,0.0]},{"id":"s2b","has_phase":[false,true,false],"node_id":"2","max_real_phase":[0.0,0.003467085798816568,0.0],"basekV":2.4,"max_reactive_phase":[0.0,0.001733542899408284,0.0]},{"id":"s4c","has_phase":[false,false,true],"node_id":"4","max_real_phase":[0.0,0.0,0.006934171597633136],"basekV":2.4,"max_reactive_phase":[0.0,0.0,0.003467085798816568]},{"id":"s5c","has_phase":[false,false,true],"node_id":"5","max_real_phase":[0.0,0.0,0.003467085798816568],"basekV":2.4,"max_reactive_phase":[0.0,0.0,0.001733542899408284]},{"id":"s6c","has_phase":[false,false,true],"node_id":"6","max_real_phase":[0.0,0.0,0.006934171597633136],"basekV":2.4,"max_reactive_phase":[0.0,0.0,0.003467085798816568]},{"id":"s7a","has_phase":[true,false,false],"node_id":"7","max_real_phase":[0.003467085798816568,0.0,0.0],"basekV":2.4,"max_reactive_phase":[0.001733542899408284,0.0,0.0]},{"id":"s9a","has_phase":[true,false,false],"node_id":"9","max_real_phase":[0.006934171597633136,0.0,0.0],"basekV":2.4,"max_reactive_phase":[0.003467085798816568,0.0,0.0]},{"id":"s10a","has_phase":[true,false,false],"node_id":"10","max_real_phase":[0.003467085798816568,0.0,0.0],"basekV":2.4,"max_reactive_phase":[0.001733542899408284,0.0,0.0]},{"id":"s11a","has_phase":[true,false,false],"node_id":"11","max_real_phase":[0.006934171597633136,0.0,0.0],"basekV":2.4,"max_reactive_phase":[0.003467085798816568,0.0,0.0]},{"id":"s12b","has_phase":[false,true,false],"node_id":"12","max_real_phase":[0.0,0.003467085798816568,0.0],"basekV":2.4,"max_reactive_phase":[0.0,0.001733542899408284,0.0]},{"id":"s16c","has_phase":[false,false,true],"node_id":"16","max_real_phase":[0.0,0.0,0.006934171597633136],"basekV":2.4,"max_reactive_phase":[0.0,0.0,0.003467085798816568]},{"id":"s17c","has_phase":[false,false,true],"node_id":"17","max_real_phase":[0.0,0.0,0.003467085798816568],"basekV":2.4,"max_reactive_phase":[0.0,0.0,0.001733542899408284]},{"id":"s19a","has_phase":[true,false,false],"node_id":"19","max_real_phase":[0.006934171597633136,0.0,0.0],"basekV":2.4,"max_reactive_phase":[0.003467085798816568,0.0,0.0]},{"id":"s20a","has_phase":[true,false,false],"node_id":"20","max_real_phase":[0.006934171597633136,0.0,0.0],"basekV":2.4,"max_reactive_phase":[0.003467085798816568,0.0,0.0]},{"id":"s22b","has_phase":[false,true,false],"node_id":"22","max_real_phase":[0.0,0.006934171597633136,0.0],"basekV":2.4,"max_reactive_phase":[0.0,0.003467085798816568,0.0]},{"id":"s24c","has_phase":[false,false,true],"node_id":"24","max_real_phase":[0.0,0.0,0.006934171597633136],"basekV":2.4,"max_reactive_phase":[0.0,0.0,0.003467085798816568]},{"id":"s28a","has_phase":[true,false,false],"node_id":"28","max_real_phase":[0.006934171597633136,0.0,0.0],"basekV":2.4,"max_reactive_phase":[0.003467085798816568,0.0,0.0]},{"id":"s29a","has_phase":[true,false,false],"node_id":"29","max_real_phase":[0.006934171597633136,0.0,0.0],"basekV":2.4,"max_reactive_phase":[0.003467085798816568,0.0,0.0]},{"id":"s30c","has_phase":[false,false,true],"node_id":"30","max_real_phase":[0.0,0.0,0.006934171597633136],"basekV":2.4,"max_reactive_phase":[0.0,0.0,0.003467085798816568]},{"id":"s31c","has_phase":[false,false,true],"node_id":"31","max_real_phase":[0.0,0.0,0.003467085798816568],"basekV":2.4,"max_reactive_phase":[0.0,0.0,0.001733542899408284]},{"id":"s32c","has_phase":[false,false,true],"node_id":"32","max_real_phase":[0.0,0.0,0.003467085798816568],"basekV":2.4,"max_reactive_phase":[0.0,0.0,0.001733542899408284]},{"id":"s33a","has_phase":[true,false,false],"node_id":"33","max_real_phase":[0.006934171597633136,0.0,0.0],"basekV":2.4,"max_reactive_phase":[0.003467085798816568,0.0,0.0]},{"id":"s34c","has_phase":[false,false,true],"node_id":"34","max_real_phase":[0.0,0.0,0.006934171597633136],"basekV":2.4,"max_reactive_phase":[0.0,0.0,0.003467085798816568]}],"capacitors":[]},{"scenarios":[{"scen":[0.65,0.78],"probability":0.041666666666666664,"id":"train_sample_15","is_ref":true},{"scen":[0.47,0.14],"probability":0.041666666666666664,"id":"train_sample_17","is_ref":true},{"scen":[0.76,0.42],"probability":0.041666666666666664,"id":"train_sample_8","is_ref":true},{"scen":[0.91,0.67],"probability":0.041666666666666664,"id":"train_sample_25","is_ref":true},{"scen":[0.83,0.72],"probability":0.041666666666666664,"id":"train_sample_5","is_ref":true},{"scen":[0.89,0.6],"probability":0.041666666666666664,"id":"train_sample_2","is_ref":true},{"scen":[0.59,0.4],"probability":0.041666666666666664,"id":"train_sample_13","is_ref":true},{"scen":[0.91,0.64],"probability":0.041666666666666664,"id":"train_sample_23","is_ref":true},{"scen":[0.92,0.79],"probability":0.041666666666666664,"id":"train_sample_21","is_ref":true},{"scen":[0.71,0.46],"probability":0.041666666666666664,"id":"train_sample_6","is_ref":true},{"scen":[0.32,0.56],"probability":0.041666666666666664,"id":"train_sample_16","is_ref":true},{"scen":[0.96,0.15],"probability":0.041666666666666664,"id":"train_sample_7","is_ref":true},{"scen":[0.92,0.74],"probability":0.041666666666666664,"id":"train_sample_14","is_ref":true},{"scen":[0.94,0.93],"probability":0.041666666666666664,"id":"train_sample_1","is_ref":true},{"scen":[0.71,0.87],"probability":0.041666666666666664,"id":"train_sample_18","is_ref":true},{"scen":[0.52,0.29],"probability":0.041666666666666664,"id":"train_sample_11","is_ref":true},{"scen":[0.42,0.19],"probability":0.041666666666666664,"id":"train_sample_26","is_ref":true},{"scen":[0.99,0.88],"probability":0.041666666666666664,"id":"train_sample_28","is_ref":true},{"scen":[0.58,0.8],"probability":0.041666666666666664,"id":"train_sample_30","is_ref":true},{"scen":[0.56,0.64],"probability":0.041666666666666664,"id":"train_sample_29","is_ref":true},{"scen":[0.86,0.77],"probability":0.041666666666666664,"id":"train_sample_4","is_ref":true},{"scen":[0.55,0.93],"probability":0.041666666666666664,"id":"train_sample_20","is_ref":true},{"scen":[0.51,0.76],"probability":0.041666666666666664,"id":"train_sample_10","is_ref":true},{"scen":[0.52,0.69],"probability":0.041666666666666664,"id":"train_sample_24","is_ref":true}],"generators":[{"alpha":0.03,"id":"g610","is_dispatchable":false,"has_phase":[true,true,true],"node_id":"610","max_real_phase":[0.05,0.05,0.05],"max_reactive_phase":[0.05,0.05,0.05]},{"alpha":0.03,"id":"g64","is_dispatchable":false,"has_phase":[true,true,true],"node_id":"64","max_real_phase":[0.05,0.05,0.05],"max_reactive_phase":[0.05,0.05,0.05]}],"buses":[{"min_voltage":0.8,"id":"152","max_voltage":1.2},{"min_voltage":0.8,"id":"52","max_voltage":1.2},{"min_voltage":0.8,"id":"53","max_voltage":1.2},{"min_voltage":0.8,"id":"54","max_voltage":1.2},{"min_voltage":0.8,"id":"55","max_voltage":1.2},{"min_voltage":0.8,"id":"56","max_voltage":1.2},{"min_voltage":0.8,"id":"57","max_voltage":1.2},{"min_voltage":0.8,"id":"58","max_voltage":1.2},{"min_voltage":0.8,"id":"59","max_voltage":1.2},{"min_voltage":0.8,"id":"60","max_voltage":1.2},{"min_voltage":0.8,"id":"61","max_voltage":1.2},{"min_voltage":0.8,"id":"610","max_voltage":1.2},{"min_voltage":0.8,"id":"62","max_voltage":1.2},{"min_voltage":0.8,"id":"63","max_voltage":1.2},{"min_voltage":0.8,"id":"64","max_voltage":1.2},{"min_voltage":0.8,"id":"65","max_voltage":1.2},{"min_voltage":0.8,"id":"66","max_voltage":1.2}],"lines":[{"has_switch":false,"num_phases":3,"rmatrix":[[0.0346666668,0.011818182000000002,0.011628788000000001],[0.011818182000000002,0.0353484848,0.0119696968],[0.011628788000000001,0.0119696968,0.0349621212]],"xmatrix":[[0.08166666680000001,0.0380075756,0.0291590908],[0.0380075756,0.07940909080000001,0.0320909092],[0.0291590908,0.0320909092,0.08068939400000001]],"node2_id":"52","id":"l116","has_phase":[true,true,true],"node1_id":"152","capacity":0.24981502032243422},{"has_switch":false,"num_phases":3,"rmatrix":[[0.0173333334,0.005909091000000001,0.0058143940000000005],[0.005909091000000001,0.0176742424,0.0059848484],[0.0058143940000000005,0.0059848484,0.0174810606]],"xmatrix":[[0.040833333400000005,0.0190037878,0.0145795454],[0.0190037878,0.039704545400000006,0.0160454546],[0.0145795454,0.0160454546,0.040344697000000006]],"node2_id":"53","id":"l52","has_phase":[true,true,true],"node1_id":"52","capacity":0.24981502032243422},{"has_switch":false,"num_phases":3,"rmatrix":[[0.010833333375,0.003693181875,0.00363399625],[0.003693181875,0.0110464015,0.00374053025],[0.00363399625,0.00374053025,0.010925662875]],"xmatrix":[[0.025520833375,0.011877367375,0.009112215875],[0.011877367375,0.024815340875,0.010028409125],[0.009112215875,0.010028409125,0.025215435625]],"node2_id":"54","id":"l53","has_phase":[true,true,true],"node1_id":"53","capacity":0.24981502032243422},{"has_switch":false,"num_phases":3,"rmatrix":[[0.023833333425000002,0.008125000125000002,0.00799479175],[0.008125000125000002,0.024302083300000003,0.00822916655],[0.00799479175,0.00822916655,0.024036458325000003]],"xmatrix":[[0.05614583342500001,0.026130208225,0.020046874925],[0.026130208225,0.054593749925000004,0.022062500075],[0.020046874925,0.022062500075,0.05547395837500001]],"node2_id":"55","id":"l54","has_phase":[true,true,true],"node1_id":"54","capacity":0.24981502032243422},{"has_switch":false,"num_phases":3,"rmatrix":[[0.023833333425000002,0.008125000125000002,0.00799479175],[0.008125000125000002,0.024302083300000003,0.00822916655],[0.00799479175,0.00822916655,0.024036458325000003]],"xmatrix":[[0.05614583342500001,0.026130208225,0.020046874925],[0.026130208225,0.054593749925000004,0.022062500075],[0.020046874925,0.022062500075,0.05547395837500001]],"node2_id":"56","id":"l56","has_phase":[true,true,true],"node1_id":"55","capacity":0.24981502032243422},{"has_switch":false,"num_phases":3,"rmatrix":[[0.030591856049999998,0.0101751895,0.010473484699999999],[0.0101751895,0.03033333345,0.01034090925],[0.010473484699999999,0.01034090925,0.0309299242]],"xmatrix":[[0.07060321975,0.025514204449999998,0.028079545549999998],[0.025514204449999998,0.07145833345,0.033256628649999995],[0.028079545549999998,0.033256628649999995,0.06948295445]],"node2_id":"57","id":"l55","has_phase":[true,true,true],"node1_id":"54","capacity":0.24981502032243422},{"has_switch":false,"num_phases":1,"rmatrix":[[0.0,0.0,0.0],[0.0,0.062935606,0.0],[0.0,0.0,0.0]],"xmatrix":[[0.0,0.0,0.0],[0.0,0.06380208325,0.0],[0.0,0.0,0.0]],"node2_id":"58","id":"l57","has_phase":[false,true,false],"node1_id":"57","capacity":0.24981502032243422},{"has_switch":false,"num_phases":1,"rmatrix":[[0.0,0.0,0.0],[0.0,0.062935606,0.0],[0.0,0.0,0.0]],"xmatrix":[[0.0,0.0,0.0],[0.0,0.06380208325,0.0],[0.0,0.0,0.0]],"node2_id":"59","id":"l59","has_phase":[false,true,false],"node1_id":"58","capacity":0.24981502032243422},{"has_switch":false,"num_phases":3,"rmatrix":[[0.06555397725,0.0218039775,0.0224431815],[0.0218039775,0.06500000025,0.022159091250000002],[0.0224431815,0.022159091250000002,0.06627840900000001]],"xmatrix":[[0.15129261375,0.05467329525,0.060170454750000005],[0.05467329525,0.15312500025,0.07126420424999999],[0.060170454750000005,0.07126420424999999,0.14889204525]],"node2_id":"60","id":"l58","has_phase":[true,true,true],"node1_id":"57","capacity":0.24981502032243422},{"has_switch":false,"num_phases":3,"rmatrix":[[0.048604166600000005,0.016250000250000004,0.0164583331],[0.016250000250000004,0.047666666850000004,0.0159895835],[0.0164583331,0.0159895835,0.048072916650000005]],"xmatrix":[[0.10918749985000001,0.05226041645,0.04412500015],[0.05226041645,0.11229166685000001,0.04009374985],[0.04412500015,0.04009374985,0.11094791675000001]],"node2_id":"61","id":"l60","has_phase":[true,true,true],"node1_id":"60","capacity":0.24981502032243422},{"has_switch":true,"num_phases":3,"rmatrix":[[1.0e-6,0.0,0.0],[0.0,1.0e-6,0.0],[0.0,0.0,1.0e-6]],"xmatrix":[[0.0,0.0,0.0],[0.0,0.0,0.0],[0.0,0.0,0.0]],"node2_id":"610","id":"sw6","has_phase":[true,true,true],"node1_id":"61","capacity":0.24981502032243422},{"has_switch":false,"num_phases":3,"rmatrix":[[0.0720123105,0.0246117425,0.023314394],[0.0246117425,0.0725804925,0.0246117425],[0.023314394,0.0246117425,0.0720123105]],"xmatrix":[[0.0356107955,0.0131392045,0.01021306825],[0.0131392045,0.03391098475,0.0131392045],[0.01021306825,0.0131392045,0.0356107955]],"node2_id":"62","id":"l61","has_phase":[true,true,true],"node1_id":"60","capacity":0.24981502032243422},{"has_switch":false,"num_phases":3,"rmatrix":[[0.05040861735,0.01722821975,0.016320075799999997],[0.01722821975,0.050806344749999996,0.01722821975],[0.016320075799999997,0.01722821975,0.05040861735]],"xmatrix":[[0.024927556849999997,0.00919744315,0.007149147775],[0.00919744315,0.023737689325,0.00919744315],[0.007149147775,0.00919744315,0.024927556849999997]],"node2_id":"63","id":"l62","has_phase":[true,true,true],"node1_id":"62","capacity":0.24981502032243422},{"has_switch":false,"num_phases":3,"rmatrix":[[0.1008172347,0.0344564395,0.03264015159999999],[0.0344564395,0.10161268949999999,0.0344564395],[0.03264015159999999,0.0344564395,0.1008172347]],"xmatrix":[[0.049855113699999995,0.0183948863,0.01429829555],[0.0183948863,0.04747537865,0.0183948863],[0.01429829555,0.0183948863,0.049855113699999995]],"node2_id":"64","id":"l63","has_phase":[true,true,true],"node1_id":"63","capacity":0.24981502032243422},{"has_switch":false,"num_phases":3,"rmatrix":[[0.12242092784999999,0.041839962249999994,0.039634469799999995],[0.041839962249999994,0.12338683724999999,0.041839962249999994],[0.039634469799999995,0.041839962249999994,0.12242092784999999]],"xmatrix":[[0.06053835235,0.02233664765,0.017362216025000002],[0.02233664765,0.057648674074999996,0.02233664765],[0.017362216025000002,0.02233664765,0.06053835235]],"node2_id":"65","id":"l64","has_phase":[true,true,true],"node1_id":"64","capacity":0.24981502032243422},{"has_switch":false,"num_phases":3,"rmatrix":[[0.09361600365,0.03199526525,0.0303087122],[0.03199526525,0.09435464025,0.03199526525],[0.0303087122,0.03199526525,0.09361600365]],"xmatrix":[[0.04629403415,0.01708096585,0.013276988725000001],[0.01708096585,0.044084280175,0.01708096585],[0.013276988725000001,0.01708096585,0.04629403415]],"node2_id":"66","id":"l65","has_phase":[true,true,true],"node1_id":"65","capacity":0.24981502032243422}],"loads":[{"id":"s52a","has_phase":[true,false,false],"node_id":"52","max_real_phase":[0.006934171597633136,0.0,0.0],"basekV":2.4,"max_reactive_phase":[0.003467085798816568,0.0,0.0]},{"id":"s53a","has_phase":[true,false,false],"node_id":"53","max_real_phase":[0.006934171597633136,0.0,0.0],"basekV":2.4,"max_reactive_phase":[0.003467085798816568,0.0,0.0]},{"id":"s55a","has_phase":[true,false,false],"node_id":"55","max_real_phase":[0.003467085798816568,0.0,0.0],"basekV":2.4,"max_reactive_phase":[0.001733542899408284,0.0,0.0]},{"id":"s56b","has_phase":[false,true,false],"node_id":"56","max_real_phase":[0.0,0.003467085798816568,0.0],"basekV":2.4,"max_reactive_phase":[0.0,0.001733542899408284,0.0]},{"id":"s58b","has_phase":[false,true,false],"node_id":"58","max_real_phase":[0.0,0.003467085798816568,0.0],"basekV":2.4,"max_reactive_phase":[0.0,0.001733542899408284,0.0]},{"id":"s59b","has_phase":[false,true,false],"node_id":"59","max_real_phase":[0.0,0.003467085798816568,0.0],"basekV":2.4,"max_reactive_phase":[0.0,0.001733542899408284,0.0]},{"id":"s60a","has_phase":[true,false,false],"node_id":"60","max_real_phase":[0.003467085798816568,0.0,0.0],"basekV":2.4,"max_reactive_phase":[0.001733542899408284,0.0,0.0]},{"id":"s62c","has_phase":[false,false,true],"node_id":"62","max_real_phase":[0.0,0.0,0.006934171597633136],"basekV":2.4,"max_reactive_phase":[0.0,0.0,0.003467085798816568]},{"id":"s63a","has_phase":[true,false,false],"node_id":"63","max_real_phase":[0.006934171597633136,0.0,0.0],"basekV":2.4,"max_reactive_phase":[0.003467085798816568,0.0,0.0]},{"id":"s64b","has_phase":[false,true,false],"node_id":"64","max_real_phase":[0.0,0.01300157174556213,0.0],"basekV":2.4,"max_reactive_phase":[0.0,0.006067400147928993,0.0]},{"id":"s65a","has_phase":[true,false,false],"node_id":"65","max_real_phase":[0.006067400147928993,0.0,0.0],"basekV":2.4017771198288433,"max_reactive_phase":[0.00433385724852071,0.0,0.0]},{"id":"s65b","has_phase":[false,true,false],"node_id":"65","max_real_phase":[0.0,0.006067400147928993,0.0],"basekV":2.4017771198288433,"max_reactive_phase":[0.0,0.00433385724852071,0.0]},{"id":"s65c","has_phase":[false,false,true],"node_id":"65","max_real_phase":[0.0,0.0,0.012134800295857987],"basekV":2.4017771198288433,"max_reactive_phase":[0.0,0.0,0.00866771449704142]},{"id":"s66c","has_phase":[false,false,true],"node_id":"66","max_real_phase":[0.0,0.0,0.01300157174556213],"basekV":2.4,"max_reactive_phase":[0.0,0.0,0.006067400147928993]}],"capacitors":[]},{"scenarios":[{"scen":[0.82],"probability":0.041666666666666664,"id":"train_sample_15","is_ref":true},{"scen":[0.46],"probability":0.041666666666666664,"id":"train_sample_17","is_ref":true},{"scen":[0.95],"probability":0.041666666666666664,"id":"train_sample_8","is_ref":true},{"scen":[0.42],"probability":0.041666666666666664,"id":"train_sample_25","is_ref":true},{"scen":[0.89],"probability":0.041666666666666664,"id":"train_sample_5","is_ref":true},{"scen":[0.47],"probability":0.041666666666666664,"id":"train_sample_2","is_ref":true},{"scen":[0.72],"probability":0.041666666666666664,"id":"train_sample_13","is_ref":true},{"scen":[0.54],"probability":0.041666666666666664,"id":"train_sample_23","is_ref":true},{"scen":[0.95],"probability":0.041666666666666664,"id":"train_sample_21","is_ref":true},{"scen":[0.6],"probability":0.041666666666666664,"id":"train_sample_6","is_ref":true},{"scen":[0.71],"probability":0.041666666666666664,"id":"train_sample_16","is_ref":true},{"scen":[0.9],"probability":0.041666666666666664,"id":"train_sample_7","is_ref":true},{"scen":[0.75],"probability":0.041666666666666664,"id":"train_sample_14","is_ref":true},{"scen":[0.8],"probability":0.041666666666666664,"id":"train_sample_1","is_ref":true},{"scen":[0.91],"probability":0.041666666666666664,"id":"train_sample_18","is_ref":true},{"scen":[0.77],"probability":0.041666666666666664,"id":"train_sample_11","is_ref":true},{"scen":[0.7],"probability":0.041666666666666664,"id":"train_sample_26","is_ref":true},{"scen":[0.83],"probability":0.041666666666666664,"id":"train_sample_28","is_ref":true},{"scen":[0.76],"probability":0.041666666666666664,"id":"train_sample_30","is_ref":true},{"scen":[0.51],"probability":0.041666666666666664,"id":"train_sample_29","is_ref":true},{"scen":[0.93],"probability":0.041666666666666664,"id":"train_sample_4","is_ref":true},{"scen":[0.15],"probability":0.041666666666666664,"id":"train_sample_20","is_ref":true},{"scen":[0.86],"probability":0.041666666666666664,"id":"train_sample_10","is_ref":true},{"scen":[0.76],"probability":0.041666666666666664,"id":"train_sample_24","is_ref":true}],"generators":[{"alpha":0.03,"id":"g48","is_dispatchable":false,"has_phase":[true,true,true],"node_id":"48","max_real_phase":[0.05,0.05,0.05],"max_reactive_phase":[0.05,0.05,0.05]}],"buses":[{"min_voltage":0.8,"id":"135","max_voltage":1.2},{"min_voltage":0.8,"id":"35","max_voltage":1.2},{"min_voltage":0.8,"id":"36","max_voltage":1.2},{"min_voltage":0.8,"id":"37","max_voltage":1.2},{"min_voltage":0.8,"id":"38","max_voltage":1.2},{"min_voltage":0.8,"id":"39","max_voltage":1.2},{"min_voltage":0.8,"id":"40","max_voltage":1.2},{"min_voltage":0.8,"id":"41","max_voltage":1.2},{"min_voltage":0.8,"id":"42","max_voltage":1.2},{"min_voltage":0.8,"id":"43","max_voltage":1.2},{"min_voltage":0.8,"id":"44","max_voltage":1.2},{"min_voltage":0.8,"id":"45","max_voltage":1.2},{"min_voltage":0.8,"id":"46","max_voltage":1.2},{"min_voltage":0.8,"id":"47","max_voltage":1.2},{"min_voltage":0.8,"id":"48","max_voltage":1.2},{"min_voltage":0.8,"id":"49","max_voltage":1.2},{"min_voltage":0.8,"id":"50","max_voltage":1.2},{"min_voltage":0.8,"id":"51","max_voltage":1.2},{"min_voltage":0.8,"id":"151","max_voltage":1.2}],"lines":[{"has_switch":false,"num_phases":3,"rmatrix":[[0.032776988625,0.01122159075,0.01090198875],[0.01122159075,0.033139204500000005,0.011079545625000001],[0.01090198875,0.011079545625000001,0.032500000125]],"xmatrix":[[0.075646306875,0.030085227375000002,0.027336647625],[0.030085227375000002,0.074446022625,0.035632102124999995],[0.027336647625,0.035632102124999995,0.076562500125]],"node2_id":"35","id":"l114","has_phase":[true,true,true],"node1_id":"135","capacity":0.24981502032243422},{"has_switch":false,"num_phases":2,"rmatrix":[[0.05633333355,0.0188967805,0.0],[0.0188967805,0.056813446950000006,0.0],[0.0,0.0,0.0]],"xmatrix":[[0.13270833355,0.04738352255,0.0],[0.04738352255,0.13112026525,0.0],[0.0,0.0,0.0]],"node2_id":"36","id":"l35","has_phase":[true,true,false],"node1_id":"35","capacity":0.24981502032243422},{"has_switch":false,"num_phases":1,"rmatrix":[[0.0755227272,0.0,0.0],[0.0,0.0,0.0],[0.0,0.0,0.0]],"xmatrix":[[0.0765624999,0.0,0.0],[0.0,0.0,0.0],[0.0,0.0,0.0]],"node2_id":"37","id":"l37","has_phase":[true,false,false],"node1_id":"36","capacity":0.24981502032243422},{"has_switch":false,"num_phases":1,"rmatrix":[[0.0,0.0,0.0],[0.0,0.062935606,0.0],[0.0,0.0,0.0]],"xmatrix":[[0.0,0.0,0.0],[0.0,0.06380208325,0.0],[0.0,0.0,0.0]],"node2_id":"38","id":"l38","has_phase":[false,true,false],"node1_id":"36","capacity":0.24981502032243422},{"has_switch":false,"num_phases":1,"rmatrix":[[0.0,0.0,0.0],[0.0,0.08181628780000001,0.0],[0.0,0.0,0.0]],"xmatrix":[[0.0,0.0,0.0],[0.0,0.08294270822500001,0.0],[0.0,0.0,0.0]],"node2_id":"39","id":"l39","has_phase":[false,true,false],"node1_id":"38","capacity":0.24981502032243422},{"has_switch":false,"num_phases":3,"rmatrix":[[0.02166666675,0.00738636375,0.0072679925],[0.00738636375,0.022092803,0.0074810605],[0.0072679925,0.0074810605,0.02185132575]],"xmatrix":[[0.05104166675,0.02375473475,0.01822443175],[0.02375